{
 "cells": [
  {
   "cell_type": "code",
   "execution_count": 1,
   "metadata": {},
   "outputs": [
    {
     "name": "stdout",
     "output_type": "stream",
     "text": [
      "SIGNAL TO NOISE RATIO\n",
      "10.220274509225737\n",
      "\n",
      "EIGENVALUES OF SAMPLE COVARIANCE MATRIX\n",
      "(56959.83416581038-2.248576716537617e-12j)\n",
      "(24816.113977081834+1.2354186039988076e-12j)\n",
      "(7119.793222698791+1.3513625867490035e-12j)\n",
      "(1205.2859570297085-4.49041572514913e-13j)\n",
      "\n",
      "                            R_push\n",
      "****************************************************************\n",
      "****************************************************************\n",
      "[[ 8502.31839774+0.00000000e+00j  6331.29379615+2.11476971e+03j\n",
      "  -7031.03741391-1.54748645e+03j -4694.19694497-3.23378625e+03j\n",
      "   2206.06294254+6.19746229e+02j  -717.35140039+2.86836457e+03j\n",
      "   1644.11868622+5.44650269e+03j   -76.57907367+6.35697604e+03j\n",
      "   4696.60780541+9.46555116e+02j  2286.84466855+1.01054678e+03j\n",
      "  -3291.71338188-7.05523114e+02j  -929.78506745-2.72457031e+02j]\n",
      " [ 6331.29379615-2.11476971e+03j  8300.5048858 +0.00000000e+00j\n",
      "  -6973.52675273+7.14054701e+02j -6809.36728214-1.70756354e+03j\n",
      "   3600.51437726-2.52136158e+03j  2063.85216059+7.04738950e+02j\n",
      "   2468.19108913+3.10781549e+03j  1450.88466033+5.59719716e+03j\n",
      "   5968.47814262-1.07749086e+00j  4251.91125983+1.01827405e+03j\n",
      "  -5206.59548585-1.32104725e+02j -3006.21292454-6.10252347e+02j]\n",
      " [-7031.03731367+1.54748643e+03j -6973.52665331-7.14054691e+02j\n",
      "   8123.49942216+0.00000000e+00j  5998.54132943+2.24289272e+03j\n",
      "  -3129.07341459+9.84010449e+02j  -949.26366311-2.01458299e+03j\n",
      "  -2526.51918872-4.25764460e+03j -1145.53292115-5.99907844e+03j\n",
      "  -5484.48068828-2.63415436e+02j -3339.6451723 -9.87309054e+02j\n",
      "   4352.87882715+3.04450404e+02j  2011.62315147+5.14260889e+02j]\n",
      " [-4694.19687805+3.23378620e+03j -6809.36718507+1.70756351e+03j\n",
      "   5998.54132943-2.24289272e+03j  8163.27445418+0.00000000e+00j\n",
      "  -3383.91249345+4.43545994e+03j -3139.55808597+1.01384246e+03j\n",
      "  -2674.8361594 -1.24168982e+03j -2535.76005985-4.23237660e+03j\n",
      "  -5927.49477667+1.29804475e+03j -5194.97794608-2.30885575e+02j\n",
      "   5640.76070227-1.07348377e+03j  4123.74253693+1.13021127e+02j]\n",
      " [ 2206.06296502-6.19746235e+02j  3600.51441394+2.52136161e+03j\n",
      "  -3129.07335279-9.84010429e+02j -3383.91242662-4.43545986e+03j\n",
      "   8284.51927924+0.00000000e+00j  5995.08564349+2.40538113e+03j\n",
      "   3094.67798852-6.25748027e+02j   758.92569119+1.83966224e+03j\n",
      "   3417.35312496+3.05304671e+03j  2709.46277398+5.14580338e+03j\n",
      "  -3665.90080074-4.12908820e+03j -2525.42984388-5.26377107e+03j]\n",
      " [ -717.3514077 -2.86836460e+03j  2063.85218161-7.04738957e+02j\n",
      "   -949.26364436+2.01458295e+03j -3139.55802396-1.01384244e+03j\n",
      "   5995.08564349-2.40538113e+03j  8063.02701777+0.00000000e+00j\n",
      "   3685.78914297-3.87115031e+03j  3159.32209098-9.28618759e+02j\n",
      "   2438.84315705-9.88431387e+01j  3458.40903147+2.69683571e+03j\n",
      "  -3512.43952249-1.22351812e+03j -3737.42474222-3.59431864e+03j]\n",
      " [ 1644.11864118-5.44650255e+03j  2468.1910215 -3.10781541e+03j\n",
      "  -2526.51933952+4.25764485e+03j -2674.83631905+1.24168989e+03j\n",
      "   3094.67793733+6.25748017e+02j  3685.789082  +3.87115025e+03j\n",
      "   7889.22855165+0.00000000e+00j  6280.26853681+1.99206387e+03j\n",
      "   2718.23212643-2.61866794e+03j  1797.79827145+9.01277828e+02j\n",
      "  -2192.10749766+7.69713837e+02j  -850.52440793-2.37523488e+03j]\n",
      " [  -76.57907158-6.35697587e+03j  1450.88462058-5.59719700e+03j\n",
      "  -1145.53298953+5.99907879e+03j -2535.7602112 +4.23237685e+03j\n",
      "    758.92567864-1.83966221e+03j  3159.32203872+9.28618743e+02j\n",
      "   6280.26853681-1.99206387e+03j  8492.79445381+0.00000000e+00j\n",
      "   1970.74767528-5.63451365e+03j  2659.96185432-2.28934064e+03j\n",
      "  -2126.39299252+4.14329005e+03j -2109.83532497+4.71630723e+02j]\n",
      " [ 4696.6079933 -9.46555154e+02j  5968.47838138+1.07749090e+00j\n",
      "  -5484.4804486 +2.63415424e+02j -5927.49451763-1.29804469e+03j\n",
      "   3417.35306391-3.05304666e+03j  2438.84311348+9.88431369e+01j\n",
      "   2718.23233301+2.61866814e+03j  1970.74782506+5.63451408e+03j\n",
      "   8311.16459129+0.00000000e+00j  5941.01484054+2.10915217e+03j\n",
      "  -6886.72132074-3.97132607e+02j -4621.28942772-2.13768034e+03j]\n",
      " [ 2286.84476003-1.01054682e+03j  4251.91142993-1.01827409e+03j\n",
      "  -3339.64502636+9.87309011e+02j -5194.97771905+2.30885565e+02j\n",
      "   2709.46272557-5.14580329e+03j  3458.40896968-2.69683566e+03j\n",
      "   1797.79840808-9.01277897e+02j  2659.96205647+2.28934082e+03j\n",
      "   5941.01484054-2.10915217e+03j  7883.23167732+0.00000000e+00j\n",
      "  -6621.97387828+1.82492666e+03j -6459.0409036 -3.40898209e+02j]\n",
      " [-3291.71336992+7.05523111e+02j -5206.59546694+1.32104724e+02j\n",
      "   4352.87867549-3.04450394e+02j  5640.76050574+1.07348373e+03j\n",
      "  -3665.90094298+4.12908836e+03j -3512.43965877+1.22351816e+03j\n",
      "  -2192.10731797-7.69713774e+02j -2126.39281822-4.14328971e+03j\n",
      "  -6886.72203117+3.97132648e+02j -6621.97456139-1.82492685e+03j\n",
      "   8121.24291644+0.00000000e+00j  5771.2486455 +1.98465476e+03j]\n",
      " [ -929.78506408+2.72457030e+02j -3006.21291362+6.10252344e+02j\n",
      "   2011.62308138-5.14260871e+02j  4123.74239325-1.13021123e+02j\n",
      "  -2525.42994187+5.26377127e+03j -3737.42488724+3.59431878e+03j\n",
      "   -850.52433821+2.37523468e+03j -2109.83515202-4.71630685e+02j\n",
      "  -4621.28990445+2.13768056e+03j -6459.04156991+3.40898244e+02j\n",
      "   5771.2486455 -1.98465476e+03j  7699.81412651+0.00000000e+00j]]\n",
      "\n",
      "                           R_sample\n",
      "****************************************************************\n",
      "****************************************************************\n",
      "[[ 8502.31839386+0.00000000e+00j  6331.29379326+2.11476971e+03j\n",
      "  -7031.0373198 -1.54748643e+03j -4694.19688214-3.23378620e+03j\n",
      "   2206.06295961+6.19746234e+02j  -717.35140594+2.86836459e+03j\n",
      "   1644.11866656+5.44650263e+03j   -76.57907276+6.35697596e+03j\n",
      "   4696.60795636+9.46555146e+02j  2286.84474205+1.01054681e+03j\n",
      "  -3291.71333556-7.05523104e+02j  -929.78505437-2.72457027e+02j]\n",
      " [ 6331.29379326-2.11476971e+03j  8300.504882  +0.00000000e+00j\n",
      "  -6973.52665939+7.14054691e+02j -6809.367191  -1.70756351e+03j\n",
      "   3600.51440511-2.52136160e+03j  2063.85217655+7.04738955e+02j\n",
      "   2468.1910596 +3.10781546e+03j  1450.88464298+5.59719709e+03j\n",
      "   5968.47833444-1.07749089e+00j  4251.91139649+1.01827408e+03j\n",
      "  -5206.59541259-1.32104723e+02j -3006.21288224-6.10252338e+02j]\n",
      " [-7031.0373198 +1.54748643e+03j -6973.52665939-7.14054691e+02j\n",
      "   8123.4994216 +0.00000000e+00j  5998.54132902+2.24289272e+03j\n",
      "  -3129.07341466+9.84010449e+02j  -949.26366313-2.01458299e+03j\n",
      "  -2526.5191886 -4.25764460e+03j -1145.5329211 -5.99907844e+03j\n",
      "  -5484.48068083-2.63415435e+02j -3339.64516777-9.87309053e+02j\n",
      "   4352.87882967+3.04450404e+02j  2011.62315264+5.14260889e+02j]\n",
      " [-4694.19688214+3.23378620e+03j -6809.367191  +1.70756351e+03j\n",
      "   5998.54132902-2.24289272e+03j  8163.27445362+0.00000000e+00j\n",
      "  -3383.91249353+4.43545994e+03j -3139.55808604+1.01384246e+03j\n",
      "  -2674.83615928-1.24168982e+03j -2535.76005973-4.23237660e+03j\n",
      "  -5927.49476862+1.29804475e+03j -5194.97793903-2.30885575e+02j\n",
      "   5640.76070553-1.07348377e+03j  4123.74253931+1.13021127e+02j]\n",
      " [ 2206.06295961-6.19746234e+02j  3600.51440511+2.52136160e+03j\n",
      "  -3129.07341466-9.84010449e+02j -3383.91249353-4.43545994e+03j\n",
      "   8284.519185  +0.00000000e+00j  5995.08557529+2.40538110e+03j\n",
      "   3094.6780431 -6.25748038e+02j   758.92570457+1.83966228e+03j\n",
      "   3417.35298092+3.05304658e+03j  2709.46265978+5.14580317e+03j\n",
      "  -3665.9008688 -4.12908827e+03j -2525.42989077-5.26377117e+03j]\n",
      " [ -717.35140594-2.86836459e+03j  2063.85217655-7.04738955e+02j\n",
      "   -949.26366313+2.01458299e+03j -3139.55808604-1.01384246e+03j\n",
      "   5995.08557529-2.40538110e+03j  8063.02692606+0.00000000e+00j\n",
      "   3685.78920797-3.87115038e+03j  3159.3221467 -9.28618775e+02j\n",
      "   2438.84305426-9.88431345e+01j  3458.4088857 +2.69683559e+03j\n",
      "  -3512.4395877 -1.22351814e+03j -3737.42481161-3.59431871e+03j]\n",
      " [ 1644.11866656-5.44650263e+03j  2468.1910596 -3.10781546e+03j\n",
      "  -2526.5191886 +4.25764460e+03j -2674.83615928+1.24168982e+03j\n",
      "   3094.6780431 +6.25748038e+02j  3685.78920797+3.87115038e+03j\n",
      "   7889.22813151+0.00000000e+00j  6280.26820235+1.99206377e+03j\n",
      "   2718.2324357 -2.61866824e+03j  1797.798476  +9.01277931e+02j\n",
      "  -2192.10738717+7.69713798e+02j  -850.52436506-2.37523476e+03j]\n",
      " [  -76.57907276-6.35697596e+03j  1450.88464298-5.59719709e+03j\n",
      "  -1145.5329211 +5.99907844e+03j -2535.76005973+4.23237660e+03j\n",
      "    758.92570457-1.83966228e+03j  3159.3221467 +9.28618775e+02j\n",
      "   6280.26820235-1.99206377e+03j  8492.79400152+0.00000000e+00j\n",
      "   1970.74789951-5.63451429e+03j  2659.96215695-2.28934091e+03j\n",
      "  -2126.39288535+4.14328984e+03j -2109.83521863+4.71630699e+02j]\n",
      " [ 4696.60795636-9.46555146e+02j  5968.47833444+1.07749089e+00j\n",
      "  -5484.48068083+2.63415435e+02j -5927.49476862-1.29804475e+03j\n",
      "   3417.35298092-3.05304658e+03j  2438.84305426+9.88431345e+01j\n",
      "   2718.2324357 +2.61866824e+03j  1970.74789951+5.63451429e+03j\n",
      "   8311.16387761+0.00000000e+00j  5941.01433039+2.10915199e+03j\n",
      "  -6886.72158172-3.97132622e+02j -4621.28960285-2.13768042e+03j]\n",
      " [ 2286.84474205-1.01054681e+03j  4251.91139649-1.01827408e+03j\n",
      "  -3339.64516777+9.87309053e+02j -5194.97793903+2.30885575e+02j\n",
      "   2709.46265978-5.14580317e+03j  3458.4088857 -2.69683559e+03j\n",
      "   1797.798476  -9.01277931e+02j  2659.96215695+2.28934091e+03j\n",
      "   5941.01433039-2.10915199e+03j  7883.23100039+0.00000000e+00j\n",
      "  -6621.97412923+1.82492673e+03j -6459.04114837-3.40898222e+02j]\n",
      " [-3291.71333556+7.05523104e+02j -5206.59541259+1.32104723e+02j\n",
      "   4352.87882967-3.04450404e+02j  5640.76070553+1.07348377e+03j\n",
      "  -3665.9008688 +4.12908827e+03j -3512.4395877 +1.22351814e+03j\n",
      "  -2192.10738717-7.69713798e+02j -2126.39288535-4.14328984e+03j\n",
      "  -6886.72158172+3.97132622e+02j -6621.97412923-1.82492673e+03j\n",
      "   8121.24315151+0.00000000e+00j  5771.24881255+1.98465481e+03j]\n",
      " [ -929.78505437+2.72457027e+02j -3006.21288224+6.10252338e+02j\n",
      "   2011.62315264-5.14260889e+02j  4123.74253931-1.13021127e+02j\n",
      "  -2525.42989077+5.26377117e+03j -3737.42481161+3.59431871e+03j\n",
      "   -850.52436506+2.37523476e+03j -2109.83521863-4.71630699e+02j\n",
      "  -4621.28960285+2.13768042e+03j -6459.04114837+3.40898222e+02j\n",
      "   5771.24881255-1.98465481e+03j  7699.81434938+0.00000000e+00j]]\n",
      "\n",
      "[[False False False False False False False False False False False False]\n",
      " [False False False False False False False False False False False False]\n",
      " [False False False False False False False False False False False False]\n",
      " [False False False False False False False False False False False False]\n",
      " [False False False False False False False False False False False False]\n",
      " [False False False False False False False False False False False False]\n",
      " [False False False False False False False False False False False False]\n",
      " [False False False False False False False False False False False False]\n",
      " [False False False False False False False False False False False False]\n",
      " [False False False False False False False False False False False False]\n",
      " [False False False False False False False False False False False False]\n",
      " [False False False False False False False False False False False False]]\n",
      "\n",
      "           DOAs of the source signals in degrees\n",
      "****************************************************************\n",
      "****************************************************************\n",
      "DOA of the first source signal:   5.2183883215143885\n",
      "DOA of the second source signal:   -10.261843543324701\n",
      "DOA of the third source signal:   -14.125116687106372\n"
     ]
    }
   ],
   "source": [
    "import numpy as np\n",
    "from scipy.linalg import block_diag\n",
    "\n",
    "# Number of sensors\n",
    "M = 12\n",
    "\n",
    "# Number of nodes\n",
    "K = 6\n",
    "\n",
    "# Locations of the nodes with respect to initial node\n",
    "locations = (np.array([0,0]),np.array([0.45,0.99]),np.array([3.02,0.45]),np.array([5.61,0.90])\n",
    "             ,np.array([8.03,1.46]),np.array([8.70,0.50]))\n",
    "\n",
    "# Direction of arrivals\n",
    "angles = np.array([-14,-10,5])*2*(np.pi)/360\n",
    "K_l = np.array([np.sin(angles), np.cos(angles)])\n",
    "\n",
    "# Steering vector is implemented. It should have the shape: (12,3)\n",
    "for j in range(0,len(locations)):\n",
    "    for i in range(0,len(angles)):\n",
    "        first_part = np.exp(1j*np.pi*locations[j].dot(K_l[:,i]))\n",
    "        second_part = np.array([1, np.exp(1j*np.pi*1*np.sin(angles[i]))]) \n",
    "        A_k = np.transpose(np.array(first_part*second_part, ndmin=2))\n",
    "        if i == 0:\n",
    "            B_k = A_k\n",
    "        else:\n",
    "            B_k = np.concatenate((B_k, A_k), axis=1)\n",
    "        \n",
    "        if i == len(angles)-1:\n",
    "            if j == 0:\n",
    "                A = np.transpose(B_k)\n",
    "            else:\n",
    "                A = np.concatenate((A, np.transpose(B_k)), axis=1)\n",
    "\n",
    "A = np.transpose(A)\n",
    "\n",
    "# Signal(A*s) to noise(n) ratio \n",
    "ratio_As_to_s = 0.23866\n",
    "snr = 10*ratio_As_to_s\n",
    "N_slot = 500\n",
    "\n",
    "# Source signal implementation (shape: (3,500))\n",
    "signal = np.random.normal(0,np.sqrt(snr),(3,N_slot)) + 1j*np.random.normal(0,np.sqrt(snr),(3,N_slot))\n",
    "\n",
    "# Received signal power on sensors\n",
    "signal_power = np.var(A.dot(signal))\n",
    "\n",
    "# Noise signal implementation (shape: (12,500))\n",
    "noise = np.random.normal(0,np.sqrt(1),(12,N_slot)) + 1j*np.random.normal(0,np.sqrt(1),(12,N_slot))\n",
    "\n",
    "print(\"SIGNAL TO NOISE RATIO\")\n",
    "print(signal_power/np.sqrt(np.var(noise)))\n",
    "\n",
    "# Received signal (shape: (12,500))\n",
    "z = A.dot(signal) + noise\n",
    "\n",
    "# Sample covariance matrix\n",
    "R_sample = z.dot(z.conj().T)\n",
    "\n",
    "# Eigenvalue and eigenvectors\n",
    "w_sample, v_sample = np.linalg.eig(R_sample)\n",
    "print()\n",
    "print(\"EIGENVALUES OF SAMPLE COVARIANCE MATRIX\")\n",
    "print(w_sample[0])\n",
    "print(w_sample[1])\n",
    "print(w_sample[2])\n",
    "print(w_sample[3])\n",
    "\n",
    "# Sensor Selection Matrix (shape: (12,6))\n",
    "T = np.array([[1,0,0,0,0,0],\n",
    "              [1,0,0,0,0,0],\n",
    "              [0,1,0,0,0,0],\n",
    "              [0,1,0,0,0,0],\n",
    "              [0,0,1,0,0,0],\n",
    "              [0,0,1,0,0,0],\n",
    "              [0,0,0,1,0,0],\n",
    "              [0,0,0,1,0,0],\n",
    "              [0,0,0,0,1,0],\n",
    "              [0,0,0,0,1,0],\n",
    "              [0,0,0,0,0,1],\n",
    "              [0,0,0,0,0,1]])\n",
    "\n",
    "# Push-Sum Matrix (shape: (6,6))\n",
    "P = np.array([[0.3,0.15,0.25,0.14,0.22,0.2],\n",
    "              [0.2,0.15,0.25,0.23,0.22,0.2],\n",
    "              [0.1,0.15,0.2,0.27,0.06,0.3],\n",
    "              [0.1,0.15,0.2,0.12,0.35,0.15],\n",
    "              [0.1,0.2,0.05,0.14,0.05,0.10],\n",
    "              [0.2,0.2,0.05,0.1,0.1,0.05]]) \n",
    "\n",
    "# Weight Vector  (shape: (6,1))\n",
    "w = np.atleast_2d([1,1,1,1,1,1]).T\n",
    "\n",
    "# Push-Sum Covariance Matrix Estimation\n",
    "R_push_numerator = np.multiply(T.dot(np.linalg.matrix_power(P,10)).dot(T.T), R_sample)\n",
    "R_push_denominator = T.dot(np.linalg.matrix_power(P,10)).dot(w).dot(np.ones((1,6))).dot(T.T)\n",
    "\n",
    "# Push Sum Covariance Matrix (shape: (12,12))\n",
    "R_push = K*np.multiply(R_push_numerator, (1/(R_push_denominator)))\n",
    "print()\n",
    "print(\"                            R_push\")\n",
    "print(\"****************************************************************\")\n",
    "print(\"****************************************************************\")\n",
    "print(R_push)\n",
    "print()\n",
    "print(\"                           R_sample\")\n",
    "print(\"****************************************************************\")\n",
    "print(\"****************************************************************\")\n",
    "print(R_sample)\n",
    "print()\n",
    "# Check Convergence Status\n",
    "print(R_push == R_sample)\n",
    "\n",
    "w_push, v_push = np.linalg.eig(R_push)\n",
    "\n",
    "# Upper group selection matrix J_up\n",
    "J_up = np.kron(np.eye(6),np.array([1,0]))\n",
    "\n",
    "# Lower group selection matrix J_down\n",
    "J_down = np.kron(np.eye(6),np.array([0,1]))\n",
    "\n",
    "# Push-Sum estimated signal eigenvector matrices\n",
    "U_s_push = v_push[:,:3]\n",
    "\n",
    "# Upper signal eigenvectors\n",
    "U_s_up = J_up.dot(U_s_push)\n",
    "\n",
    "# Lower signal eigenvectors\n",
    "U_s_down = J_down.dot(U_s_push)\n",
    "\n",
    "# Matrix including knowledge about DOAs of the source signals\n",
    "psi = np.linalg.inv((U_s_up.conj().T).dot(U_s_up)).dot((U_s_up.conj().T)).dot(U_s_down)\n",
    "\n",
    "w2, v2 = np.linalg.eig(psi)\n",
    "print()\n",
    "print(\"           DOAs of the source signals in degrees\")\n",
    "print(\"****************************************************************\")\n",
    "print(\"****************************************************************\")\n",
    "doa_1 = np.arcsin(np.angle(w2[0])/np.pi)/(2*np.pi)*360\n",
    "print(\"DOA of the first source signal:   \" + str(doa_1))\n",
    "doa_2 = np.arcsin(np.angle(w2[1])/np.pi)/(2*np.pi)*360\n",
    "print(\"DOA of the second source signal:   \" + str(doa_2))\n",
    "doa_3 = np.arcsin(np.angle(w2[2])/np.pi)/(2*np.pi)*360\n",
    "print(\"DOA of the third source signal:   \" + str(doa_3))\n",
    "\n"
   ]
  },
  {
   "cell_type": "code",
   "execution_count": 2,
   "metadata": {},
   "outputs": [
    {
     "name": "stdout",
     "output_type": "stream",
     "text": [
      "(3, 3)\n"
     ]
    }
   ],
   "source": [
    "print(psi.shape)"
   ]
  },
  {
   "cell_type": "code",
   "execution_count": null,
   "metadata": {},
   "outputs": [],
   "source": []
  }
 ],
 "metadata": {
  "kernelspec": {
   "display_name": "Python 3",
   "language": "python",
   "name": "python3"
  },
  "language_info": {
   "codemirror_mode": {
    "name": "ipython",
    "version": 3
   },
   "file_extension": ".py",
   "mimetype": "text/x-python",
   "name": "python",
   "nbconvert_exporter": "python",
   "pygments_lexer": "ipython3",
   "version": "3.7.4"
  },
  "varInspector": {
   "cols": {
    "lenName": 16,
    "lenType": 16,
    "lenVar": 40
   },
   "kernels_config": {
    "python": {
     "delete_cmd_postfix": "",
     "delete_cmd_prefix": "del ",
     "library": "var_list.py",
     "varRefreshCmd": "print(var_dic_list())"
    },
    "r": {
     "delete_cmd_postfix": ") ",
     "delete_cmd_prefix": "rm(",
     "library": "var_list.r",
     "varRefreshCmd": "cat(var_dic_list()) "
    }
   },
   "types_to_exclude": [
    "module",
    "function",
    "builtin_function_or_method",
    "instance",
    "_Feature"
   ],
   "window_display": false
  }
 },
 "nbformat": 4,
 "nbformat_minor": 4
}
