{
 "cells": [
  {
   "cell_type": "code",
   "execution_count": null,
   "metadata": {},
   "outputs": [
    {
     "name": "stdout",
     "output_type": "stream",
     "text": [
      "\n",
      "EIGENVALUES OF SAMPLE COVARIANCE MATRIX\n",
      "(343.7638696394443-4.0476010363009574e-15j)\n",
      "(106.25364573364327-1.7876146828921624e-14j)\n",
      "(286.7657882594442-7.609397127310724e-15j)\n",
      "(123.32958060611345-7.990102413275685e-15j)\n",
      "\n",
      "                            R_push\n",
      "****************************************************************\n",
      "****************************************************************\n",
      "[[ 2.12628724e+02-2.37085480e-16j -2.00673456e+01-7.24118502e+00j\n",
      "   1.77665283e+00+1.24633938e+01j  2.13142554e+00+8.23461455e+00j\n",
      "  -7.14956647e+00-1.82099728e+01j -9.15190066e+00+3.47639320e+00j\n",
      "  -2.80087006e+00-7.23265660e-01j -2.55171479e+01-1.75580148e+01j\n",
      "  -8.11328905e+00-1.29626665e+01j -1.27285731e+01+3.09938612e+01j\n",
      "   5.64968427e+00-3.64286114e+00j -4.19722681e+00-1.06450477e+00j]\n",
      " [-2.00673456e+01+7.24118502e+00j  2.08929541e+02-2.90497653e-16j\n",
      "   1.27199611e+00-2.86103119e+01j  4.37479255e-01-9.96775528e+00j\n",
      "   2.24613737e+00-1.49091682e+01j  1.59136480e+00-8.90287985e+00j\n",
      "   6.65608576e+00-6.64348716e+00j -6.57539575e+00+6.02800625e+00j\n",
      "   7.27946229e+00+6.50485436e+00j  1.70009145e+01-1.42168838e+00j\n",
      "  -2.47927888e+01+2.24884319e+01j -2.39250735e+00+1.20289783e+00j]\n",
      " [ 1.77665280e+00-1.24633936e+01j  1.27199610e+00+2.86103115e+01j\n",
      "   2.05336506e+02-5.30883152e-16j  2.00651159e+00-4.76414756e+00j\n",
      "  -1.59172632e+01+1.46566437e+00j -1.85742526e+01+8.99017665e-01j\n",
      "   7.75345672e+00-6.90433354e+00j  5.41739812e+00+4.06803494e+00j\n",
      "  -5.97599899e+00-3.99836380e+00j -1.32772752e+01+4.28330361e+00j\n",
      "   2.16633824e+01+1.76073167e+01j -1.76006249e+01-1.14006214e+01j]\n",
      " [ 2.13142551e+00-8.23461444e+00j  4.37479249e-01+9.96775514e+00j\n",
      "   2.00651159e+00+4.76414756e+00j  2.22257982e+02-5.52571476e-16j\n",
      "  -1.05685328e+01-1.26355339e+01j  5.91440298e+00-1.89993914e+01j\n",
      "   1.62833125e+01-4.21294587e+00j  1.67202923e+01-1.33984443e+00j\n",
      "  -7.52846945e+00-2.99081748e+01j -1.42879277e+01-7.93931879e+00j\n",
      "   1.68747707e+01+1.30421048e+01j  1.34994146e+01-1.35340731e+01j]\n",
      " [-7.14956654e+00+1.82099730e+01j  2.24613740e+00+1.49091683e+01j\n",
      "  -1.59172629e+01-1.46566434e+00j -1.05685326e+01+1.26355336e+01j\n",
      "   2.14029722e+02-3.41457712e-17j  4.49063714e+00-1.50274052e+01j\n",
      "   4.34965479e+00-5.46490763e+00j -1.41128389e+00-9.98925811e+00j\n",
      "   1.09857806e+01+1.30670502e+00j -1.91017744e+01-3.33067657e+01j\n",
      "  -5.43763851e+00-6.32774318e+00j -7.27520290e+00+3.27932077e+01j]\n",
      " [-9.15190075e+00-3.47639323e+00j  1.59136482e+00+8.90287994e+00j\n",
      "  -1.85742523e+01-8.99017647e-01j  5.91440286e+00+1.89993910e+01j\n",
      "   4.49063714e+00+1.50274052e+01j  1.94172788e+02-1.34411834e-16j\n",
      "   7.90739777e+00-1.89455010e+01j  2.02394235e-01+7.42940083e+00j\n",
      "   8.57704573e+00+1.57617683e+01j -1.81209944e+01-1.87403805e+01j\n",
      "   1.28982658e-01-1.69627872e+01j  9.22763013e+00+7.95767575e+00j]\n",
      " [-2.80086998e+00+7.23265640e-01j  6.65608557e+00+6.64348698e+00j\n",
      "   7.75345718e+00+6.90433395e+00j  1.62833135e+01+4.21294612e+00j\n",
      "   4.34965472e+00+5.46490754e+00j  7.90739764e+00+1.89455007e+01j\n",
      "   2.08839778e+02-2.63618721e-16j  5.27521595e+00+3.19044856e+01j\n",
      "  -1.36659447e+01+1.79718685e+01j -1.20652994e+00+1.35589084e+01j\n",
      "   4.17592466e+00+1.07604035e+01j -2.94938850e+00-1.46171934e+01j]\n",
      " [-2.55171472e+01+1.75580143e+01j -6.57539557e+00-6.02800609e+00j\n",
      "   5.41739844e+00-4.06803518e+00j  1.67202933e+01+1.33984451e+00j\n",
      "  -1.41128387e+00+9.98925794e+00j  2.02394231e-01-7.42940071e+00j\n",
      "   5.27521595e+00-3.19044856e+01j  2.06892730e+02-7.90259785e-16j\n",
      "   2.89606203e+00-2.71229109e+00j -2.37367979e+01+5.46809182e+00j\n",
      "   5.73992973e+00+1.29986679e+01j -7.32138345e+00-7.89820804e+00j]\n",
      " [-8.11328938e+00+1.29626670e+01j  7.27946258e+00-6.50485462e+00j\n",
      "  -5.97599873e+00+3.99836362e+00j -7.52846912e+00+2.99081735e+01j\n",
      "   1.09857804e+01-1.30670500e+00j  8.57704557e+00-1.57617681e+01j\n",
      "  -1.36659457e+01-1.79718699e+01j  2.89606225e+00+2.71229130e+00j\n",
      "   1.94094682e+02+9.19253599e-16j  3.14896726e+01-2.45883202e+00j\n",
      "  -2.47977330e+01-2.45138711e+01j -1.29050866e+00+6.44665984e+00j]\n",
      " [-1.27285736e+01-3.09938624e+01j  1.70009152e+01+1.42168844e+00j\n",
      "  -1.32772747e+01-4.28330342e+00j -1.42879271e+01+7.93931845e+00j\n",
      "  -1.91017740e+01+3.33067651e+01j -1.81209941e+01+1.87403802e+01j\n",
      "  -1.20653003e+00-1.35589094e+01j -2.37367997e+01-5.46809224e+00j\n",
      "   3.14896726e+01+2.45883202e+00j  2.27646133e+02-2.34519659e-17j\n",
      "   1.40843104e+01-2.15076481e+01j -2.31165011e+01+3.15701641e+01j]\n",
      " [ 5.64968425e+00+3.64286113e+00j -2.47927887e+01-2.24884318e+01j\n",
      "   2.16633816e+01-1.76073161e+01j  1.68747701e+01-1.30421044e+01j\n",
      "  -5.43763872e+00+6.32774343e+00j  1.28982663e-01+1.69627878e+01j\n",
      "   4.17592432e+00-1.07604026e+01j  5.73992926e+00-1.29986669e+01j\n",
      "  -2.47977355e+01+2.45138736e+01j  1.40843119e+01+2.15076503e+01j\n",
      "   2.14775308e+02+1.47089304e-16j -3.99323857e+01+2.06983695e+01j]\n",
      " [-4.19722679e+00+1.06450477e+00j -2.39250734e+00-1.20289783e+00j\n",
      "  -1.76006243e+01+1.14006210e+01j  1.34994141e+01+1.35340726e+01j\n",
      "  -7.27520318e+00-3.27932090e+01j  9.22763048e+00-7.95767605e+00j\n",
      "  -2.94938826e+00+1.46171922e+01j -7.32138285e+00+7.89820739e+00j\n",
      "  -1.29050879e+00-6.44666051e+00j -2.31165035e+01-3.15701673e+01j\n",
      "  -3.99323857e+01-2.06983695e+01j  1.89691367e+02+6.74900596e-17j]]\n",
      "\n",
      "                           R_sample\n",
      "****************************************************************\n",
      "****************************************************************\n",
      "[[ 2.12628724e+02-2.37085480e-16j -2.00673456e+01-7.24118502e+00j\n",
      "   1.77665280e+00+1.24633936e+01j  2.13142551e+00+8.23461444e+00j\n",
      "  -7.14956652e+00-1.82099730e+01j -9.15190073e+00+3.47639322e+00j\n",
      "  -2.80087002e+00-7.23265651e-01j -2.55171476e+01-1.75580146e+01j\n",
      "  -8.11328931e+00-1.29626669e+01j -1.27285735e+01+3.09938622e+01j\n",
      "   5.64968419e+00-3.64286109e+00j -4.19722675e+00-1.06450476e+00j]\n",
      " [-2.00673456e+01+7.24118502e+00j  2.08929541e+02-2.90497653e-16j\n",
      "   1.27199610e+00-2.86103115e+01j  4.37479249e-01-9.96775514e+00j\n",
      "   2.24613739e+00-1.49091683e+01j  1.59136482e+00-8.90287992e+00j\n",
      "   6.65608568e+00-6.64348708e+00j -6.57539567e+00+6.02800618e+00j\n",
      "   7.27946252e+00+6.50485457e+00j  1.70009151e+01-1.42168842e+00j\n",
      "  -2.47927885e+01+2.24884316e+01j -2.39250732e+00+1.20289782e+00j]\n",
      " [ 1.77665280e+00-1.24633936e+01j  1.27199610e+00+2.86103115e+01j\n",
      "   2.05336506e+02-5.30883152e-16j  2.00651159e+00-4.76414756e+00j\n",
      "  -1.59172632e+01+1.46566437e+00j -1.85742526e+01+8.99017665e-01j\n",
      "   7.75345672e+00-6.90433354e+00j  5.41739812e+00+4.06803494e+00j\n",
      "  -5.97599898e+00-3.99836379e+00j -1.32772752e+01+4.28330360e+00j\n",
      "   2.16633824e+01+1.76073168e+01j -1.76006249e+01-1.14006214e+01j]\n",
      " [ 2.13142551e+00-8.23461444e+00j  4.37479249e-01+9.96775514e+00j\n",
      "   2.00651159e+00+4.76414756e+00j  2.22257982e+02-5.52571476e-16j\n",
      "  -1.05685328e+01-1.26355339e+01j  5.91440298e+00-1.89993914e+01j\n",
      "   1.62833125e+01-4.21294587e+00j  1.67202923e+01-1.33984443e+00j\n",
      "  -7.52846944e+00-2.99081748e+01j -1.42879277e+01-7.93931878e+00j\n",
      "   1.68747707e+01+1.30421048e+01j  1.34994146e+01-1.35340731e+01j]\n",
      " [-7.14956652e+00+1.82099730e+01j  2.24613739e+00+1.49091683e+01j\n",
      "  -1.59172632e+01-1.46566437e+00j -1.05685328e+01+1.26355339e+01j\n",
      "   2.14029719e+02-3.41457708e-17j  4.49063709e+00-1.50274051e+01j\n",
      "   4.34965487e+00-5.46490773e+00j -1.41128392e+00-9.98925828e+00j\n",
      "   1.09857801e+01+1.30670497e+00j -1.91017736e+01-3.33067643e+01j\n",
      "  -5.43763861e+00-6.32774330e+00j -7.27520304e+00+3.27932083e+01j]\n",
      " [-9.15190073e+00-3.47639322e+00j  1.59136482e+00+8.90287992e+00j\n",
      "  -1.85742526e+01-8.99017665e-01j  5.91440298e+00+1.89993914e+01j\n",
      "   4.49063709e+00+1.50274051e+01j  1.94172786e+02-1.34411833e-16j\n",
      "   7.90739791e+00-1.89455014e+01j  2.02394238e-01+7.42940096e+00j\n",
      "   8.57704536e+00+1.57617677e+01j -1.81209936e+01-1.87403797e+01j\n",
      "   1.28982661e-01-1.69627875e+01j  9.22763030e+00+7.95767589e+00j]\n",
      " [-2.80087002e+00+7.23265651e-01j  6.65608568e+00+6.64348708e+00j\n",
      "   7.75345672e+00+6.90433354e+00j  1.62833125e+01+4.21294587e+00j\n",
      "   4.34965487e+00+5.46490773e+00j  7.90739791e+00+1.89455014e+01j\n",
      "   2.08839766e+02-2.63618707e-16j  5.27521567e+00+3.19044839e+01j\n",
      "  -1.36659462e+01+1.79718706e+01j -1.20653007e+00+1.35589099e+01j\n",
      "   4.17592445e+00+1.07604029e+01j -2.94938836e+00-1.46171927e+01j]\n",
      " [-2.55171476e+01+1.75580146e+01j -6.57539567e+00-6.02800618e+00j\n",
      "   5.41739812e+00-4.06803494e+00j  1.67202923e+01+1.33984443e+00j\n",
      "  -1.41128392e+00+9.98925828e+00j  2.02394238e-01-7.42940096e+00j\n",
      "   5.27521567e+00-3.19044839e+01j  2.06892719e+02-7.90259743e-16j\n",
      "   2.89606235e+00-2.71229140e+00j -2.37368006e+01+5.46809244e+00j\n",
      "   5.73992944e+00+1.29986673e+01j -7.32138308e+00-7.89820764e+00j]\n",
      " [-8.11328931e+00+1.29626669e+01j  7.27946252e+00-6.50485457e+00j\n",
      "  -5.97599898e+00+3.99836379e+00j -7.52846944e+00+2.99081748e+01j\n",
      "   1.09857801e+01-1.30670497e+00j  8.57704536e+00-1.57617677e+01j\n",
      "  -1.36659462e+01-1.79718706e+01j  2.89606235e+00+2.71229140e+00j\n",
      "   1.94094666e+02+9.19253520e-16j  3.14896699e+01-2.45883181e+00j\n",
      "  -2.47977339e+01-2.45138720e+01j -1.29050871e+00+6.44666009e+00j]\n",
      " [-1.27285735e+01-3.09938622e+01j  1.70009151e+01+1.42168842e+00j\n",
      "  -1.32772752e+01-4.28330360e+00j -1.42879277e+01+7.93931878e+00j\n",
      "  -1.91017736e+01+3.33067643e+01j -1.81209936e+01+1.87403797e+01j\n",
      "  -1.20653007e+00-1.35589099e+01j -2.37368006e+01-5.46809244e+00j\n",
      "   3.14896699e+01+2.45883181e+00j  2.27646113e+02-2.34519639e-17j\n",
      "   1.40843109e+01-2.15076489e+01j -2.31165020e+01+3.15701653e+01j]\n",
      " [ 5.64968419e+00+3.64286109e+00j -2.47927885e+01-2.24884316e+01j\n",
      "   2.16633824e+01-1.76073168e+01j  1.68747707e+01-1.30421048e+01j\n",
      "  -5.43763861e+00+6.32774330e+00j  1.28982661e-01+1.69627875e+01j\n",
      "   4.17592445e+00-1.07604029e+01j  5.73992944e+00-1.29986673e+01j\n",
      "  -2.47977339e+01+2.45138720e+01j  1.40843109e+01+2.15076489e+01j\n",
      "   2.14775314e+02+1.47089308e-16j -3.99323868e+01+2.06983701e+01j]\n",
      " [-4.19722675e+00+1.06450476e+00j -2.39250732e+00-1.20289782e+00j\n",
      "  -1.76006249e+01+1.14006214e+01j  1.34994146e+01+1.35340731e+01j\n",
      "  -7.27520304e+00-3.27932083e+01j  9.22763030e+00-7.95767589e+00j\n",
      "  -2.94938836e+00+1.46171927e+01j -7.32138308e+00+7.89820764e+00j\n",
      "  -1.29050871e+00-6.44666009e+00j -2.31165020e+01-3.15701653e+01j\n",
      "  -3.99323868e+01-2.06983701e+01j  1.89691373e+02+6.74900615e-17j]]\n",
      "\n",
      "[[False False False False False False False False False False False False]\n",
      " [False False False False False False False False False False False False]\n",
      " [False False False False False False False False False False False False]\n",
      " [False False False False False False False False False False False False]\n",
      " [False False False False False False False False False False False False]\n",
      " [False False False False False False False False False False False False]\n",
      " [False False False False False False False False False False False False]\n",
      " [False False False False False False False False False False False False]\n",
      " [False False False False False False False False False False False False]\n",
      " [False False False False False False False False False False False False]\n",
      " [False False False False False False False False False False False False]\n",
      " [False False False False False False False False False False False False]]\n",
      "\n",
      "  DOAs of the source signals in degrees with SNR: -20\n",
      "****************************************************************\n",
      "****************************************************************\n",
      "DOA of the first source signal:   29.32144712606162\n",
      "DOA of the second source signal:   -48.172101514481845\n",
      "DOA of the third source signal:   -24.244562650759065\n"
     ]
    },
    {
     "name": "stdout",
     "output_type": "stream",
     "text": [
      "\n",
      "  DOAs of the source signals in degrees with SNR: -19\n",
      "****************************************************************\n",
      "****************************************************************\n",
      "DOA of the first source signal:   27.463274800003173\n",
      "DOA of the second source signal:   -46.33947692331155\n",
      "DOA of the third source signal:   -71.17122795412354\n",
      "\n",
      "  DOAs of the source signals in degrees with SNR: -18\n",
      "****************************************************************\n",
      "****************************************************************\n",
      "DOA of the first source signal:   -3.7372142013446794\n",
      "DOA of the second source signal:   47.971823895901295\n",
      "DOA of the third source signal:   -53.98049367583855\n",
      "\n",
      "  DOAs of the source signals in degrees with SNR: -17\n",
      "****************************************************************\n",
      "****************************************************************\n",
      "DOA of the first source signal:   26.707394141068626\n",
      "DOA of the second source signal:   -2.0861550390139474\n",
      "DOA of the third source signal:   -25.93190108812306\n",
      "\n",
      "  DOAs of the source signals in degrees with SNR: -16\n",
      "****************************************************************\n",
      "****************************************************************\n",
      "DOA of the first source signal:   -28.259627639338024\n",
      "DOA of the second source signal:   -1.8095809396434983\n",
      "DOA of the third source signal:   38.64232105990498\n",
      "\n",
      "  DOAs of the source signals in degrees with SNR: -15\n",
      "****************************************************************\n",
      "****************************************************************\n",
      "DOA of the first source signal:   -52.77866579416745\n",
      "DOA of the second source signal:   43.473956112279204\n",
      "DOA of the third source signal:   84.60827489097932\n",
      "\n",
      "  DOAs of the source signals in degrees with SNR: -14\n",
      "****************************************************************\n",
      "****************************************************************\n",
      "DOA of the first source signal:   0.5545294082753988\n",
      "DOA of the second source signal:   17.011612793309734\n",
      "DOA of the third source signal:   -14.266585420619442\n",
      "\n",
      "  DOAs of the source signals in degrees with SNR: -13\n",
      "****************************************************************\n",
      "****************************************************************\n",
      "DOA of the first source signal:   -7.365091164901376\n",
      "DOA of the second source signal:   26.60777812656015\n",
      "DOA of the third source signal:   -71.31857438351628\n",
      "\n",
      "  DOAs of the source signals in degrees with SNR: -12\n",
      "****************************************************************\n",
      "****************************************************************\n",
      "DOA of the first source signal:   32.30104902269278\n",
      "DOA of the second source signal:   3.910307986419855\n",
      "DOA of the third source signal:   -58.91111489288444\n",
      "\n",
      "  DOAs of the source signals in degrees with SNR: -11\n",
      "****************************************************************\n",
      "****************************************************************\n",
      "DOA of the first source signal:   4.8819945735471375\n",
      "DOA of the second source signal:   74.21824366400615\n",
      "DOA of the third source signal:   73.98465395506028\n",
      "\n",
      "  DOAs of the source signals in degrees with SNR: -10\n",
      "****************************************************************\n",
      "****************************************************************\n",
      "DOA of the first source signal:   50.231367535167536\n",
      "DOA of the second source signal:   -13.031212578704059\n",
      "DOA of the third source signal:   -15.157551773615914\n",
      "\n",
      "  DOAs of the source signals in degrees with SNR: -9\n",
      "****************************************************************\n",
      "****************************************************************\n",
      "DOA of the first source signal:   8.015133959372484\n",
      "DOA of the second source signal:   -11.648577599045757\n",
      "DOA of the third source signal:   -34.985184662146594\n",
      "\n",
      "  DOAs of the source signals in degrees with SNR: -8\n",
      "****************************************************************\n",
      "****************************************************************\n",
      "DOA of the first source signal:   -24.737676018485427\n",
      "DOA of the second source signal:   44.30095535634105\n",
      "DOA of the third source signal:   -64.56235939330675\n",
      "\n",
      "  DOAs of the source signals in degrees with SNR: -7\n",
      "****************************************************************\n",
      "****************************************************************\n",
      "DOA of the first source signal:   71.30197043500108\n",
      "DOA of the second source signal:   -44.63637914704747\n",
      "DOA of the third source signal:   1.611155204867764\n",
      "\n",
      "  DOAs of the source signals in degrees with SNR: -6\n",
      "****************************************************************\n",
      "****************************************************************\n",
      "DOA of the first source signal:   19.37958415456474\n",
      "DOA of the second source signal:   -42.26586170573827\n",
      "DOA of the third source signal:   -10.344460197906573\n",
      "\n",
      "  DOAs of the source signals in degrees with SNR: -5\n",
      "****************************************************************\n",
      "****************************************************************\n",
      "DOA of the first source signal:   -0.23845557291019442\n",
      "DOA of the second source signal:   10.178377355299489\n",
      "DOA of the third source signal:   -82.52180368390249\n"
     ]
    }
   ],
   "source": [
    "import numpy as np\n",
    "from scipy.linalg import block_diag\n",
    "import matplotlib.pyplot as plt\n",
    "\n",
    "# Number of sensors\n",
    "M = 12\n",
    "\n",
    "# Number of nodes\n",
    "K = 6\n",
    "\n",
    "# Locations of the nodes with respect to initial node\n",
    "locations = (np.array([0,0]),np.array([0.45,0.99]),np.array([3.02,0.45]),np.array([5.61,0.90])\n",
    "             ,np.array([8.03,1.46]),np.array([8.70,0.50]))\n",
    "\n",
    "# Direction of arrivals\n",
    "angles = np.array([-14,30,5])*2*(np.pi)/360\n",
    "K_l = np.array([np.sin(angles), np.cos(angles)])\n",
    "\n",
    "# Steering vector is implemented. It should have the shape: (12,3)\n",
    "for j in range(0,len(locations)):\n",
    "    for i in range(0,len(angles)):\n",
    "        first_part = np.exp(1j*np.pi*locations[j].dot(K_l[:,i]))\n",
    "        second_part = np.array([1, np.exp(1j*np.pi*1*np.sin(angles[i]))]) \n",
    "        A_k = np.transpose(np.array(first_part*second_part, ndmin=2))\n",
    "        if i == 0:\n",
    "            B_k = A_k\n",
    "        else:\n",
    "            B_k = np.concatenate((B_k, A_k), axis=1)\n",
    "        \n",
    "        if i == len(angles)-1:\n",
    "            if j == 0:\n",
    "                A = np.transpose(B_k)\n",
    "            else:\n",
    "                A = np.concatenate((A, np.transpose(B_k)), axis=1)\n",
    "\n",
    "A = np.transpose(A)\n",
    "\n",
    "MSE = np.zeros(80)\n",
    "\n",
    "for snr_dB in range(-20,60):\n",
    "    \n",
    "    for i in range(500):\n",
    "\n",
    "        # Signal(A*s) to noise(n) ratio\n",
    "        received_snr = 10**(snr_dB/20)\n",
    "        ratio_As_to_s = 1/2.19\n",
    "        snr = received_snr*ratio_As_to_s\n",
    "        N_samples = 100\n",
    "\n",
    "        # Source signal implementation (shape: (3,500))\n",
    "        # signal = np.random.normal(0,np.sqrt(snr),(3,N_samples)) + 1j*np.random.normal(0,np.sqrt(snr),(3,N_samples))\n",
    "        w = np.atleast_2d([np.pi/3, np.pi/4, np.pi/5]).T\n",
    "        signal = snr*np.exp(1j*w*(np.atleast_2d(np.arange(1,N_samples+1))))\n",
    "        \n",
    "        # Received signal power on sensors\n",
    "        signal_power = np.var(A.dot(signal))\n",
    "\n",
    "        # Noise signal implementation (shape: (12,500))\n",
    "        noise = np.random.normal(0,np.sqrt(1),(12,N_samples)) + 1j*np.random.normal(0,np.sqrt(1),(12,N_samples))\n",
    "        \n",
    "        if i == 0 and snr_dB == 0:\n",
    "            print(\"SIGNAL TO NOISE RATIO\")\n",
    "            print(signal_power/np.sqrt(np.var(noise)))\n",
    "\n",
    "        # Received signal (shape: (12,500))\n",
    "        z = A.dot(signal) + noise\n",
    "\n",
    "        # Sample covariance matrix\n",
    "        R_sample = z.dot(z.conj().T)\n",
    "\n",
    "        # Eigenvalue and eigenvectors\n",
    "        w_sample, v_sample = np.linalg.eig(R_sample)\n",
    "        if i == 0 and snr_dB == -20:\n",
    "            print()\n",
    "            print(\"EIGENVALUES OF SAMPLE COVARIANCE MATRIX\")\n",
    "            print(w_sample[0])\n",
    "            print(w_sample[1])\n",
    "            print(w_sample[2])\n",
    "            print(w_sample[3])\n",
    "\n",
    "        # Sensor Selection Matrix (shape: (12,6))\n",
    "        T = np.array([[1,0,0,0,0,0],\n",
    "                      [1,0,0,0,0,0],\n",
    "                      [0,1,0,0,0,0],\n",
    "                      [0,1,0,0,0,0],\n",
    "                      [0,0,1,0,0,0],\n",
    "                      [0,0,1,0,0,0],\n",
    "                      [0,0,0,1,0,0],\n",
    "                      [0,0,0,1,0,0],\n",
    "                      [0,0,0,0,1,0],\n",
    "                      [0,0,0,0,1,0],\n",
    "                      [0,0,0,0,0,1],\n",
    "                      [0,0,0,0,0,1]])\n",
    "\n",
    "        # Push-Sum Matrix (shape: (6,6))\n",
    "        P = np.array([[0.3,0.15,0.25,0.14,0.22,0.2],\n",
    "                      [0.2,0.15,0.25,0.23,0.22,0.2],\n",
    "                      [0.1,0.15,0.2,0.27,0.06,0.3],\n",
    "                      [0.1,0.15,0.2,0.12,0.35,0.15],\n",
    "                      [0.1,0.2,0.05,0.14,0.05,0.10],\n",
    "                      [0.2,0.2,0.05,0.1,0.1,0.05]]) \n",
    "\n",
    "        # Weight Vector  (shape: (6,1))\n",
    "        w = np.atleast_2d([1,1,1,1,1,1]).T\n",
    "\n",
    "        # Push-Sum Covariance Matrix Estimation\n",
    "        R_push_numerator = np.multiply(T.dot(np.linalg.matrix_power(P,10)).dot(T.T), R_sample)\n",
    "        R_push_denominator = T.dot(np.linalg.matrix_power(P,10)).dot(w).dot(np.ones((1,6))).dot(T.T)\n",
    "\n",
    "        # Push Sum Covariance Matrix (shape: (12,12))\n",
    "        R_push = K*np.multiply(R_push_numerator, (1/(R_push_denominator)))\n",
    "        \n",
    "        if i == 0 and snr_dB == -20:\n",
    "            print()\n",
    "            print(\"                            R_push\")\n",
    "            print(\"****************************************************************\")\n",
    "            print(\"****************************************************************\")\n",
    "            print(R_push)\n",
    "            print()\n",
    "            print(\"                           R_sample\")\n",
    "            print(\"****************************************************************\")\n",
    "            print(\"****************************************************************\")\n",
    "            print(R_sample)\n",
    "            print()\n",
    "            # Check Convergence Status\n",
    "            print(R_push == R_sample)\n",
    "\n",
    "        w_push, v_push = np.linalg.eig(R_push)\n",
    "\n",
    "        # Upper group selection matrix J_up\n",
    "        J_up = np.kron(np.eye(6),np.array([1,0]))\n",
    "\n",
    "        # Lower group selection matrix J_down\n",
    "        J_down = np.kron(np.eye(6),np.array([0,1]))\n",
    "\n",
    "        # Push-Sum estimated signal eigenvector matrices\n",
    "        U_s_push = v_push[:,:3]\n",
    "\n",
    "        # Upper signal eigenvectors\n",
    "        U_s_up = J_up.dot(U_s_push)\n",
    "\n",
    "        # Lower signal eigenvectors\n",
    "        U_s_down = J_down.dot(U_s_push)\n",
    "\n",
    "        # Matrix including knowledge about DOAs of the source signals\n",
    "        psi = np.linalg.inv((U_s_up.conj().T).dot(U_s_up)).dot((U_s_up.conj().T)).dot(U_s_down)\n",
    "\n",
    "        w2, v2 = np.linalg.eig(psi)\n",
    "        \n",
    "        doa_1 = np.arcsin(np.angle(w2[0])/np.pi)/(2*np.pi)*360\n",
    "        doa_2 = np.arcsin(np.angle(w2[1])/np.pi)/(2*np.pi)*360\n",
    "        doa_3 = np.arcsin(np.angle(w2[2])/np.pi)/(2*np.pi)*360\n",
    "        \n",
    "        if i == 0:\n",
    "            print()\n",
    "            print(\"  DOAs of the source signals in degrees with SNR: \" + str(snr_dB) )\n",
    "            print(\"****************************************************************\")\n",
    "            print(\"****************************************************************\")\n",
    "            print(\"DOA of the first source signal:   \" + str(doa_1))\n",
    "            print(\"DOA of the second source signal:   \" + str(doa_2))\n",
    "            print(\"DOA of the third source signal:   \" + str(doa_3))\n",
    "\n",
    "        MSE[snr_dB+20] = MSE[snr_dB+20] + 1/3*1/500*((doa_1-(angles[1]*360/(2*np.pi)))**2+(doa_2-(angles[0]*360/(2*np.pi)))**2+(doa_3-(angles[2]*360/(2*np.pi)))**2)\n",
    "\n",
    "\n",
    "RMSE = np.sqrt(MSE)\n",
    "plt.plot(np.arange(-20,60), RMSE, 'r--')\n",
    "\n"
   ]
  },
  {
   "cell_type": "code",
   "execution_count": null,
   "metadata": {},
   "outputs": [],
   "source": [
    "print(MSE)"
   ]
  },
  {
   "cell_type": "code",
   "execution_count": null,
   "metadata": {},
   "outputs": [],
   "source": [
    "plt.plot(np.arange(-20,60), RMSE, 'r--')"
   ]
  },
  {
   "cell_type": "code",
   "execution_count": null,
   "metadata": {},
   "outputs": [],
   "source": []
  }
 ],
 "metadata": {
  "kernelspec": {
   "display_name": "Python 3",
   "language": "python",
   "name": "python3"
  },
  "language_info": {
   "codemirror_mode": {
    "name": "ipython",
    "version": 3
   },
   "file_extension": ".py",
   "mimetype": "text/x-python",
   "name": "python",
   "nbconvert_exporter": "python",
   "pygments_lexer": "ipython3",
   "version": "3.7.4"
  },
  "varInspector": {
   "cols": {
    "lenName": 16,
    "lenType": 16,
    "lenVar": 40
   },
   "kernels_config": {
    "python": {
     "delete_cmd_postfix": "",
     "delete_cmd_prefix": "del ",
     "library": "var_list.py",
     "varRefreshCmd": "print(var_dic_list())"
    },
    "r": {
     "delete_cmd_postfix": ") ",
     "delete_cmd_prefix": "rm(",
     "library": "var_list.r",
     "varRefreshCmd": "cat(var_dic_list()) "
    }
   },
   "types_to_exclude": [
    "module",
    "function",
    "builtin_function_or_method",
    "instance",
    "_Feature"
   ],
   "window_display": false
  }
 },
 "nbformat": 4,
 "nbformat_minor": 4
}
